# matrix 0
1.0 0.0 0.0 0.0
0.0 0.0 1.0 0.0
0.0 -1.0 0.0 0.0
0.0 0.0 0.0 1.0

# matrix 1
0.9998499751091003 0.0 -0.017343999817967415 -2.2737367544323206e-13
0.017343999817967415 0.0 0.9998499751091003 0.0
0.0 -1.0 0.0 0.0
0.0 0.0 0.0 1.0

# matrix 2
0.9993979930877686 0.0 -0.03468279913067818 0.0
0.03468279913067818 0.0 0.9993979930877686 0.0
0.0 -1.0 0.0 0.0
0.0 0.0 0.0 1.0

# matrix 3
0.9986469745635986 0.0 -0.05201119929552078 2.2737367544323206e-13
0.05201119929552078 0.0 0.9986469745635986 4.547473508864641e-13
0.0 -1.0 0.0 0.0
0.0 0.0 0.0 1.0

# matrix 4
0.9975939989089966 0.0 -0.06932389736175537 0.0
0.06932389736175537 0.0 0.9975939989089966 4.547473508864641e-13
0.0 -1.0 0.0 0.0
0.0 0.0 0.0 1.0

# matrix 5
0.9962419867515564 0.0 -0.08661580085754395 -2.2737367544323206e-13
0.08661580085754395 0.0 0.9962419867515564 0.0
0.0 -1.0 0.0 0.0
0.0 0.0 0.0 1.0

# matrix 6
0.9945899844169617 0.0 -0.10388199985027313 0.0
0.10388199985027313 0.0 0.9945899844169617 0.0
0.0 -1.0 0.0 0.0
0.0 0.0 0.0 1.0

# matrix 7
0.9926379919052124 0.0 -0.12111599743366241 2.2737367544323206e-13
0.12111599743366241 0.0 0.9926379919052124 0.0
0.0 -1.0 0.0 0.0
0.0 0.0 0.0 1.0

# matrix 8
0.9903879761695862 0.0 -0.13831399381160736 0.0
0.13831399381160736 0.0 0.9903879761695862 0.0
0.0 -1.0 0.0 0.0
0.0 0.0 0.0 1.0

# matrix 9
0.9878399968147278 0.0 -0.15547099709510803 0.0
0.15547099709510803 0.0 0.9878399968147278 4.547473508864641e-13
0.0 -1.0 0.0 0.0
0.0 0.0 0.0 1.0

# matrix 10
0.9849950075149536 0.0 -0.17258000373840332 0.0
0.17258000373840332 0.0 0.9849950075149536 0.0
0.0 -1.0 0.0 0.0
0.0 0.0 0.0 1.0

# matrix 11
0.9818540215492249 0.0 -0.18963800370693207 0.0
0.18963800370693207 0.0 0.9818540215492249 0.0
0.0 -1.0 0.0 0.0
0.0 0.0 0.0 1.0

# matrix 12
0.9784169793128967 0.0 -0.20663900673389435 0.0
0.20663900673389435 0.0 0.9784169793128967 0.0
0.0 -1.0 0.0 0.0
0.0 0.0 0.0 1.0

# matrix 13
0.9746860265731812 0.0 -0.22357800602912903 -2.2737367544323206e-13
0.22357800602912903 0.0 0.9746860265731812 0.0
0.0 -1.0 0.0 0.0
0.0 0.0 0.0 1.0

# matrix 14
0.970661997795105 0.0 -0.240448996424675 4.547473508864641e-13
0.240448996424675 0.0 0.970661997795105 0.0
0.0 -1.0 0.0 0.0
0.0 0.0 0.0 1.0

# matrix 15
0.9663450121879578 0.0 -0.25724801421165466 2.2737367544323206e-13
0.25724801421165466 0.0 0.9663450121879578 0.0
0.0 -1.0 0.0 0.0
0.0 0.0 0.0 1.0

# matrix 16
0.9617379903793335 0.0 -0.27397000789642334 0.0
0.27397000789642334 0.0 0.9617379903793335 -4.547473508864641e-13
0.0 -1.0 0.0 0.0
0.0 0.0 0.0 1.0

# matrix 17
0.9568420052528381 0.0 -0.2906090021133423 4.547473508864641e-13
0.2906090021133423 0.0 0.9568420052528381 4.547473508864641e-13
0.0 -1.0 0.0 0.0
0.0 0.0 0.0 1.0

# matrix 18
0.9516580104827881 0.0 -0.30716100335121155 2.2737367544323206e-13
0.30716100335121155 0.0 0.9516580104827881 0.0
0.0 -1.0 0.0 0.0
0.0 0.0 0.0 1.0

# matrix 19
0.9461870193481445 0.0 -0.3236199915409088 0.0
0.3236199915409088 0.0 0.9461870193481445 0.0
0.0 -1.0 0.0 0.0
0.0 0.0 0.0 1.0

# matrix 20
0.9404320120811462 0.0 -0.3399820029735565 0.0
0.3399820029735565 0.0 0.9404320120811462 4.547473508864641e-13
0.0 -1.0 0.0 0.0
0.0 0.0 0.0 1.0

